168216	0.972678846201181
359349	0.8020658837379556
1117099	0.5853119829199896
1037798	0.10040161565368189
1110199	0.0
1129237	0.561003940060347
104861	0.8096867362293507
1114819	0.6927491238254506
148538	0.1417944816428499
573724	0.36738127683686383
1115776	0.3596438756850978
855410	0.7796585224178426
87181	0.4699814248469512
1121709	0.0
489204	0.0
1112341	0.743746089422895
443396	0.0
1114646	0.22576072647898915
1106007	0.2075054996183976
183378	0.2992899997393844
1121402	0.6592671329912576
1103812	0.47137424221883256
47923	0.4986850347008618
207786	0.5568411693457826
156493	0.9131113951056377
962179	0.15859438647554103
130510	0.6248836161447622
264014	0.2180829152466126
405717	0.44254276578076873
1063750	0.15220794237203952
146187	0.5235010190670993
1133167	0.556090854509539
131843	0.9399628496939022
87452	0.390378034006237
915593	0.19031326377064925
833860	0.2820692913718552
1113437	0.15988502318102288
19335	0.23640493211119298
1124210	0.49756527402981404
490595	0.058101974069538646
451602	0.16201299513792067
182539	0.6195628494840408
527433	0.27667399949119675
