1114819	0.5964925223606552
573724	0.46047267941421927
1114646	0.4447355176074212
1103812	0.1793167238759616
207786	0.09393262648464279
182539	0.6817786628233651
146187	0.2734362596012958
1106007	0.04364046457965258
490595	0.2828531687757587
451602	0.18911689320020514
527433	0.09098873216262549
131843	0.8826728487262255
1115776	0.28095274918042173
1121402	0.8199771452588139
156493	0.8872536573295906
87452	0.33480673790358323
1110199	0.0
489204	0.10800774870841935
47923	0.5480885795565497
1063750	0.0
1113437	0.08422099275317685
104861	0.8826728487262258
1117099	0.42253087058983374
405717	0.20704026404513953
183378	0.7439982592153174
359349	0.8572974615982342
264014	0.38058169611048825
130510	0.515919310990124
87181	0.6555205096642712
1133167	0.5820829938797113
443396	0.0
1129237	0.4486109765222911
1124210	0.756680257390355
915593	0.0490821468957623
833860	0.7270861669861249
19335	0.23640493211119298
148538	0.32119162893538833
168216	1.0
962179	0.0
855410	0.8891595876189814
1121709	0.0
1037798	0.25953441147658585
1112341	0.19551341310712303
