451602	0.16201299513792067
527433	0.27667399949119675
1117099	0.5853119829199896
1110199	0.0
405717	0.44254276578076873
1114646	0.22576072647898915
168216	0.972678846201181
19335	0.23640493211119298
104861	0.8096867362293507
87181	0.4699814248469512
130510	0.6248836161447622
1114819	0.6927491238254506
490595	0.058101974069538646
207786	0.5568411693457826
1115776	0.3596438756850978
489204	0.0
833860	0.2820692913718552
47923	0.4986850347008618
915593	0.19031326377064925
855410	0.7796585224178426
1103812	0.47137424221883256
146187	0.5235010190670993
264014	0.2180829152466126
183378	0.2992899997393844
148538	0.1417944816428499
131843	0.9399628496939022
1037798	0.10040161565368189
87452	0.390378034006237
1063750	0.15220794237203952
443396	0.0
1121402	0.6592671329912576
156493	0.9131113951056377
1133167	0.556090854509539
1124210	0.49756527402981404
962179	0.15859438647554103
1121709	0.0
1129237	0.561003940060347
1106007	0.2075054996183976
1112341	0.743746089422895
573724	0.36738127683686383
359349	0.8020658837379556
182539	0.6195628494840408
1113437	0.15988502318102288
