183378 Q0 4803850 3
183378 Q0 4493915 3
183378 Q0 4803856 1
183378 Q0 3093215 3
183378 Q0 327908 3
183378 Q0 4803851 0
183378 Q0 4493916 3
183378 Q0 2493332 1
183378 Q0 2639939 0
183378 Q0 1289495 3
527433 Q0 6186391 1
527433 Q0 4903731 0
527433 Q0 4958697 0
527433 Q0 1251475 0
527433 Q0 269423 0
527433 Q0 4958696 0
527433 Q0 1251481 0
527433 Q0 269428 0
527433 Q0 269430 1
527433 Q0 269426 0
1114646 Q0 8117094 1
1114646 Q0 8117087 1
1114646 Q0 2343617 0
1114646 Q0 6704400 3
1114646 Q0 5417954 3
1114646 Q0 5417953 1
1114646 Q0 6704401 0
1114646 Q0 5417952 1
1114646 Q0 5959593 1
1114646 Q0 6711103 2
87181 Q0 5197135 1
87181 Q0 2986227 2
87181 Q0 7666831 1
87181 Q0 6484578 1
87181 Q0 1902826 1
87181 Q0 47212 1
87181 Q0 47207 1
87181 Q0 4689525 2
87181 Q0 8151921 1
87181 Q0 6521366 2
131843 Q0 8305152 3
131843 Q0 985994 3
131843 Q0 8305156 3
131843 Q0 8305158 3
131843 Q0 8305153 3
131843 Q0 3841396 3
131843 Q0 985995 3
131843 Q0 8710813 3
131843 Q0 4254836 0
131843 Q0 3400903 0
1112341 Q0 6740558 0
1112341 Q0 2096429 0
1112341 Q0 5497171 0
1112341 Q0 2735215 1
1112341 Q0 8139256 3
1112341 Q0 1373648 1
1112341 Q0 4538538 0
1112341 Q0 550571 0
1112341 Q0 2780681 0
1112341 Q0 1998332 3
1133167 Q0 5674622 2
1133167 Q0 6467522 1
1133167 Q0 7093509 2
1133167 Q0 8160241 2
1133167 Q0 8255705 2
1133167 Q0 3421900 2
1133167 Q0 3953805 2
1133167 Q0 8160230 1
1133167 Q0 1883281 2
1133167 Q0 190809 2
915593 Q0 1396701 0
915593 Q0 4566815 0
915593 Q0 4566816 0
915593 Q0 1396707 0
915593 Q0 8178998 0
915593 Q0 2923497 2
915593 Q0 1396706 0
915593 Q0 3538162 0
915593 Q0 1772930 0
915593 Q0 2744909 0
489204 Q0 1310103 0
489204 Q0 5583224 0
489204 Q0 678245 0
489204 Q0 8737051 1
489204 Q0 7358643 0
489204 Q0 216492 1
489204 Q0 7113153 1
489204 Q0 1418931 0
489204 Q0 8737053 0
489204 Q0 4918001 0
156493 Q0 2411918 2
156493 Q0 6139386 3
156493 Q0 8182166 2
156493 Q0 885944 2
156493 Q0 8029433 2
156493 Q0 2317807 2
156493 Q0 4940228 2
156493 Q0 6983822 0
156493 Q0 2616515 0
156493 Q0 3288596 2
264014 Q0 96854 1
264014 Q0 1610712 0
264014 Q0 5635519 2
264014 Q0 3666584 1
264014 Q0 6641238 3
264014 Q0 4239616 0
264014 Q0 5635521 2
264014 Q0 6337909 0
264014 Q0 5611210 2
264014 Q0 2223171 2
359349 Q0 68647 3
359349 Q0 576629 3
359349 Q0 576628 2
359349 Q0 2826510 2
359349 Q0 68653 2
359349 Q0 3223833 2
359349 Q0 68648 3
359349 Q0 943229 3
359349 Q0 68649 3
359349 Q0 457673 2
1037798 Q0 3641634 3
1037798 Q0 8760873 0
1037798 Q0 8760864 0
1037798 Q0 6279828 0
1037798 Q0 4978171 0
1037798 Q0 6412269 0
1037798 Q0 4916597 0
1037798 Q0 1208969 0
1037798 Q0 1308037 0
1037798 Q0 8760866 0
1121709 Q0 7796652 0
1121709 Q0 1596222 0
1121709 Q0 2255286 0
1121709 Q0 5845418 0
1121709 Q0 45202 0
1121709 Q0 653094 0
1121709 Q0 1860087 0
1121709 Q0 1137958 0
1121709 Q0 1596229 0
1121709 Q0 1389460 0
47923 Q0 8348762 1
47923 Q0 5032362 1
47923 Q0 1868437 2
47923 Q0 5417582 3
47923 Q0 6643066 3
47923 Q0 1681334 2
47923 Q0 5417580 1
47923 Q0 5147527 1
47923 Q0 5586331 0
47923 Q0 8418681 2
1063750 Q0 4788295 0
1063750 Q0 3133647 0
1063750 Q0 2997653 0
1063750 Q0 4629006 0
1063750 Q0 6093904 0
1063750 Q0 7607274 0
1063750 Q0 344861 0
1063750 Q0 7778348 0
1063750 Q0 7598863 0
1063750 Q0 6314894 0
405717 Q0 2365660 0
405717 Q0 7447941 0
405717 Q0 8433858 1
405717 Q0 6654655 0
405717 Q0 2702419 1
405717 Q0 28368 0
405717 Q0 5638740 0
405717 Q0 931517 0
405717 Q0 7170626 1
405717 Q0 3033900 2
1106007 Q0 6126194 0
1106007 Q0 6209484 0
1106007 Q0 7685384 0
1106007 Q0 6126197 0
1106007 Q0 2777113 0
1106007 Q0 7638713 0
1106007 Q0 4120343 0
1106007 Q0 2165342 0
1106007 Q0 8204463 2
1106007 Q0 2384069 0
962179 Q0 8689054 0
962179 Q0 5773189 0
962179 Q0 5427070 0
962179 Q0 5427063 0
962179 Q0 4309122 0
962179 Q0 2929469 0
962179 Q0 5427064 0
962179 Q0 2929465 0
962179 Q0 1006860 0
962179 Q0 4606389 0
1115776 Q0 600966 0
1115776 Q0 8106323 0
1115776 Q0 8106318 1
1115776 Q0 8106321 3
1115776 Q0 8106324 1
1115776 Q0 4314171 0
1115776 Q0 4314175 1
1115776 Q0 3081626 0
1115776 Q0 3680291 0
1115776 Q0 1826911 0
490595 Q0 3572695 0
490595 Q0 1929910 2
490595 Q0 2507917 0
490595 Q0 5612095 0
490595 Q0 4737060 3
490595 Q0 4737065 1
490595 Q0 1620438 0
490595 Q0 3572701 0
490595 Q0 3572698 0
490595 Q0 4737064 1
1121402 Q0 188213 2
1121402 Q0 5189913 2
1121402 Q0 8052624 2
1121402 Q0 182373 1
1121402 Q0 182368 2
1121402 Q0 188215 1
1121402 Q0 188217 1
1121402 Q0 182364 1
1121402 Q0 188218 1
1121402 Q0 7125983 2
1117099 Q0 1798612 3
1117099 Q0 4131489 0
1117099 Q0 2715359 0
1117099 Q0 1798620 3
1117099 Q0 2715363 0
1117099 Q0 8093931 3
1117099 Q0 4131491 0
1117099 Q0 4441325 3
1117099 Q0 1174584 0
1117099 Q0 3960678 0
1129237 Q0 2697752 2
1129237 Q0 3905806 0
1129237 Q0 128984 3
1129237 Q0 8682824 3
1129237 Q0 6080460 3
1129237 Q0 4233383 1
1129237 Q0 7688471 0
1129237 Q0 4233385 0
1129237 Q0 1779228 0
1129237 Q0 1721142 0
1110199 Q0 3447960 0
1110199 Q0 554521 0
1110199 Q0 398442 0
1110199 Q0 5600214 0
1110199 Q0 2975909 0
1110199 Q0 3967240 0
1110199 Q0 4558064 0
1110199 Q0 7960023 0
1110199 Q0 7837903 0
1110199 Q0 3722531 0
148538 Q0 1950974 2
148538 Q0 1950976 1
148538 Q0 1950979 0
148538 Q0 985491 0
148538 Q0 615405 0
148538 Q0 4185812 1
148538 Q0 4607267 0
148538 Q0 8181574 0
148538 Q0 3918785 2
148538 Q0 5844625 0
146187 Q0 5548651 0
146187 Q0 6241267 0
146187 Q0 744165 1
146187 Q0 3963185 0
146187 Q0 8434625 2
146187 Q0 8434623 2
146187 Q0 8434619 2
146187 Q0 4921741 0
146187 Q0 1028971 0
146187 Q0 1246346 0
1113437 Q0 5188745 0
1113437 Q0 5188746 0
1113437 Q0 2354940 0
1113437 Q0 3518298 0
1113437 Q0 313542 0
1113437 Q0 7385216 1
1113437 Q0 1280572 0
1113437 Q0 742044 2
1113437 Q0 5546289 0
1113437 Q0 6284746 0
104861 Q0 459676 2
104861 Q0 6658615 2
104861 Q0 6351571 2
104861 Q0 459675 2
104861 Q0 5864693 2
104861 Q0 5688415 2
104861 Q0 5150431 2
104861 Q0 5248340 2
104861 Q0 8259116 0
104861 Q0 146178 0
443396 Q0 456708 0
443396 Q0 483935 0
443396 Q0 4774806 0
443396 Q0 5468743 0
443396 Q0 2654918 0
443396 Q0 1465664 0
443396 Q0 2082395 0
443396 Q0 8079046 0
443396 Q0 2654922 0
443396 Q0 2434039 0
182539 Q0 57443 2
182539 Q0 7371262 1
182539 Q0 3883077 1
182539 Q0 8757181 3
182539 Q0 57448 1
182539 Q0 7371255 2
182539 Q0 57447 1
182539 Q0 57444 1
182539 Q0 8757178 1
182539 Q0 2909960 1
451602 Q0 3090666 0
451602 Q0 4345752 0
451602 Q0 2922145 0
451602 Q0 6286981 2
451602 Q0 3090663 0
451602 Q0 1277289 0
451602 Q0 6286974 2
451602 Q0 6286977 2
451602 Q0 96224 0
451602 Q0 4874640 2
833860 Q0 6230229 3
833860 Q0 6230227 3
833860 Q0 6230226 3
833860 Q0 3437288 3
833860 Q0 1900578 0
833860 Q0 1900582 0
833860 Q0 6230220 3
833860 Q0 6230222 3
833860 Q0 1900579 0
833860 Q0 1900581 0
1124210 Q0 2258595 2
1124210 Q0 2258591 2
1124210 Q0 2258596 2
1124210 Q0 2258598 2
1124210 Q0 2258592 3
1124210 Q0 6541866 2
1124210 Q0 2258594 2
1124210 Q0 8026740 2
1124210 Q0 2258597 2
1124210 Q0 1689639 2
207786 Q0 2998723 0
207786 Q0 1085406 0
207786 Q0 8273763 1
207786 Q0 4660025 0
207786 Q0 6309220 0
207786 Q0 5804666 0
207786 Q0 8273755 1
207786 Q0 8185063 0
207786 Q0 1085404 0
207786 Q0 8273759 0
168216 Q0 3174840 3
168216 Q0 13499 3
168216 Q0 2265769 3
168216 Q0 2069992 3
168216 Q0 6282561 3
168216 Q0 6213322 3
168216 Q0 3830857 3
168216 Q0 1381477 3
168216 Q0 3198689 3
168216 Q0 3908773 3
87452 Q0 6018163 1
87452 Q0 8436571 0
87452 Q0 6018169 0
87452 Q0 7965004 3
87452 Q0 8607555 0
87452 Q0 6018160 2
87452 Q0 6018168 3
87452 Q0 7843984 1
87452 Q0 6018161 0
87452 Q0 5286924 2
130510 Q0 1494936 2
130510 Q0 7501563 1
130510 Q0 7125239 1
130510 Q0 996732 1
130510 Q0 1494935 2
130510 Q0 799647 3
130510 Q0 1110766 1
130510 Q0 1494932 1
130510 Q0 1494930 1
130510 Q0 996740 1
855410 Q0 8651775 2
855410 Q0 8651772 1
855410 Q0 8651771 2
855410 Q0 8651776 0
855410 Q0 8651770 2
1103812 Q0 4401695 2
1103812 Q0 2379408 0
1103812 Q0 5974245 0
1103812 Q0 1785498 0
1103812 Q0 3672744 0
1103812 Q0 2250580 0
1103812 Q0 8224183 1
1103812 Q0 5974240 0
1103812 Q0 3564771 0
1103812 Q0 5201199 0
1114819 Q0 785027 3
1114819 Q0 8022279 1
1114819 Q0 1724520 3
1114819 Q0 6941478 3
1114819 Q0 8115706 0
1114819 Q0 8088109 0
1114819 Q0 785028 2
1114819 Q0 8115440 2
1114819 Q0 8088111 2
1114819 Q0 8022277 0
19335 Q0 129764 0
19335 Q0 8412684 3
19335 Q0 3497214 0
19335 Q0 691498 0
19335 Q0 5454283 0
19335 Q0 3175478 0
19335 Q0 4540809 0
19335 Q0 4349928 0
19335 Q0 7298833 0
19335 Q0 7267248 0
573724 Q0 3365633 1
573724 Q0 7384332 1
573724 Q0 3146238 2
573724 Q0 3365631 1
573724 Q0 3365638 1
573724 Q0 3365636 2
573724 Q0 3365632 0
573724 Q0 87405 1
573724 Q0 7609926 0
573724 Q0 6121093 0
