168216 Q0 3344828 3
168216 Q0 1735360 3
168216 Q0 1381477 3
168216 Q0 3830857 3
168216 Q0 8252763 2
168216 Q0 4792583 3
168216 Q0 6249512 3
168216 Q0 1301472 3
168216 Q0 290826 3
168216 Q0 8639633 3
359349 Q0 576629 3
359349 Q0 68653 2
359349 Q0 2293820 2
359349 Q0 68649 3
359349 Q0 3223833 2
359349 Q0 2826510 2
359349 Q0 5615181 2
359349 Q0 3223831 3
359349 Q0 6108721 2
359349 Q0 68648 3
1117099 Q0 8093931 3
1117099 Q0 6122723 3
1117099 Q0 4458512 3
1117099 Q0 2398222 0
1117099 Q0 334615 1
1117099 Q0 7407593 0
1117099 Q0 8093933 0
1117099 Q0 8093927 0
1117099 Q0 8152834 0
1117099 Q0 6122720 3
1037798 Q0 8760864 0
1037798 Q0 8760867 0
1037798 Q0 8760873 0
1037798 Q0 2157456 0
1037798 Q0 8820474 0
1037798 Q0 3641634 3
1037798 Q0 3030655 0
1037798 Q0 4788864 0
1037798 Q0 3030654 0
1037798 Q0 2914156 0
1110199 Q0 398442 0
1110199 Q0 2925378 0
1110199 Q0 554521 0
1110199 Q0 6392463 0
1110199 Q0 6392469 0
1110199 Q0 5846443 0
1110199 Q0 3588619 0
1110199 Q0 507875 0
1110199 Q0 4411531 0
1110199 Q0 507878 0
1129237 Q0 7911557 3
1129237 Q0 6343521 1
1129237 Q0 998751 1
1129237 Q0 5906130 3
1129237 Q0 7769728 0
1129237 Q0 128984 3
1129237 Q0 3641168 0
1129237 Q0 5831781 1
1129237 Q0 6343520 1
1129237 Q0 3905057 3
104861 Q0 8260035 0
104861 Q0 5703401 2
104861 Q0 5703400 2
104861 Q0 8495099 2
104861 Q0 1304632 2
104861 Q0 5864693 2
104861 Q0 459676 2
104861 Q0 1811410 2
104861 Q0 459675 2
104861 Q0 6351571 2
1114819 Q0 988373 2
1114819 Q0 5521373 2
1114819 Q0 4890560 2
1114819 Q0 1315998 2
1114819 Q0 1724520 3
1114819 Q0 8022280 3
1114819 Q0 8754404 1
1114819 Q0 8754400 0
1114819 Q0 6941478 3
1114819 Q0 8115439 3
148538 Q0 4264129 0
148538 Q0 5077707 0
148538 Q0 8283527 0
148538 Q0 7407804 0
148538 Q0 985488 0
148538 Q0 985492 2
148538 Q0 4539657 0
148538 Q0 7407803 3
148538 Q0 985491 0
148538 Q0 5077704 0
573724 Q0 394136 1
573724 Q0 2417985 0
573724 Q0 7104825 2
573724 Q0 394139 1
573724 Q0 8444730 1
573724 Q0 7104826 1
573724 Q0 5962424 0
573724 Q0 7199667 1
573724 Q0 7199675 1
573724 Q0 148753 0
1115776 Q0 8106324 1
1115776 Q0 4314171 0
1115776 Q0 4314178 0
1115776 Q0 8106323 0
1115776 Q0 8106318 1
1115776 Q0 4314175 1
1115776 Q0 5605159 0
1115776 Q0 8106321 3
1115776 Q0 4314169 1
1115776 Q0 4314174 2
855410 Q0 8651776 0
855410 Q0 8651775 2
855410 Q0 8651772 1
855410 Q0 8651771 2
855410 Q0 8651770 2
87181 Q0 1902826 1
87181 Q0 2556144 1
87181 Q0 47212 1
87181 Q0 8332551 1
87181 Q0 47211 1
87181 Q0 7666831 1
87181 Q0 6484578 1
87181 Q0 8683181 1
87181 Q0 47210 0
87181 Q0 8151921 1
1121709 Q0 1774646 0
1121709 Q0 376823 0
1121709 Q0 376819 0
1121709 Q0 2926714 0
1121709 Q0 7579643 0
1121709 Q0 3750124 0
1121709 Q0 3709758 0
1121709 Q0 5375182 0
1121709 Q0 428239 0
1121709 Q0 1774647 0
489204 Q0 855967 0
489204 Q0 8360196 0
489204 Q0 3728444 0
489204 Q0 2236494 0
489204 Q0 3728441 0
489204 Q0 1310101 0
489204 Q0 6652053 0
489204 Q0 8360190 0
489204 Q0 855969 0
489204 Q0 1310106 0
1112341 Q0 8139255 3
1112341 Q0 8139256 3
1112341 Q0 8139258 3
1112341 Q0 2096427 0
1112341 Q0 2096429 0
1112341 Q0 8139249 3
1112341 Q0 8139257 3
1112341 Q0 6102033 3
1112341 Q0 1493657 0
1112341 Q0 4977768 2
443396 Q0 8079046 0
443396 Q0 456708 0
443396 Q0 4792650 0
443396 Q0 4792649 0
443396 Q0 1465664 0
443396 Q0 8079040 0
443396 Q0 3526411 0
443396 Q0 3526407 0
443396 Q0 7922077 0
443396 Q0 3007982 0
1114646 Q0 8117093 0
1114646 Q0 8117087 1
1114646 Q0 7196961 0
1114646 Q0 8117094 1
1114646 Q0 771368 1
1114646 Q0 8117092 1
1114646 Q0 8117088 0
1114646 Q0 2911040 0
1114646 Q0 6704400 3
1114646 Q0 4771285 0
1106007 Q0 1334335 3
1106007 Q0 5836920 0
1106007 Q0 7726655 0
1106007 Q0 2143418 0
1106007 Q0 5174765 0
1106007 Q0 4089153 0
1106007 Q0 5279699 0
1106007 Q0 8811080 0
1106007 Q0 1530299 0
1106007 Q0 2513608 0
183378 Q0 6548233 1
183378 Q0 8794302 1
183378 Q0 2089154 0
183378 Q0 8779628 0
183378 Q0 2533260 1
183378 Q0 4371183 0
183378 Q0 8794304 3
183378 Q0 424997 0
183378 Q0 6548235 1
183378 Q0 8577215 3
1121402 Q0 182370 1
1121402 Q0 8052622 1
1121402 Q0 182373 1
1121402 Q0 8052624 2
1121402 Q0 5189913 2
1121402 Q0 182368 2
1121402 Q0 188213 2
1121402 Q0 188217 1
1121402 Q0 188218 1
1121402 Q0 188215 1
1103812 Q0 8220086 1
1103812 Q0 8220089 3
1103812 Q0 3843267 3
1103812 Q0 4824831 0
1103812 Q0 3425644 0
1103812 Q0 7038638 0
1103812 Q0 3197208 0
1103812 Q0 2379408 0
1103812 Q0 5190505 0
1103812 Q0 3843263 1
47923 Q0 5032362 1
47923 Q0 8641107 1
47923 Q0 1868437 2
47923 Q0 8418681 2
47923 Q0 8418683 0
47923 Q0 1681334 2
47923 Q0 6191 3
47923 Q0 6919836 2
47923 Q0 4297620 1
47923 Q0 1681332 1
207786 Q0 8273763 1
207786 Q0 7941579 1
207786 Q0 8273755 1
207786 Q0 2763917 2
207786 Q0 8273754 2
207786 Q0 8273758 1
207786 Q0 7599318 1
207786 Q0 8273759 0
207786 Q0 8273757 1
207786 Q0 6031630 1
156493 Q0 2259183 2
156493 Q0 3288601 2
156493 Q0 3288596 2
156493 Q0 1277720 2
156493 Q0 3288600 2
156493 Q0 8182161 2
156493 Q0 1277727 2
156493 Q0 95515 2
156493 Q0 8182166 2
156493 Q0 8182165 2
962179 Q0 6575560 0
962179 Q0 8811426 0
962179 Q0 8689053 0
962179 Q0 6980697 3
962179 Q0 8689058 0
962179 Q0 5919341 0
962179 Q0 2978870 0
962179 Q0 3705165 3
962179 Q0 4606390 0
962179 Q0 4309122 0
130510 Q0 7125239 1
130510 Q0 8612906 3
130510 Q0 799647 3
130510 Q0 1494936 2
130510 Q0 7501563 1
130510 Q0 996740 1
130510 Q0 996732 1
130510 Q0 1494935 2
130510 Q0 2174992 0
130510 Q0 1494930 1
264014 Q0 6337909 0
264014 Q0 1610714 1
264014 Q0 1610712 0
264014 Q0 3666584 1
264014 Q0 5328095 2
264014 Q0 96854 1
264014 Q0 5583426 1
264014 Q0 5950723 1
264014 Q0 3338823 0
264014 Q0 3201487 0
405717 Q0 6654655 0
405717 Q0 4828118 2
405717 Q0 2747488 0
405717 Q0 7447941 0
405717 Q0 4704978 2
405717 Q0 2747484 1
405717 Q0 2747486 0
405717 Q0 7896211 2
405717 Q0 8433858 1
405717 Q0 702386 0
1063750 Q0 1105778 0
1063750 Q0 4337527 2
1063750 Q0 2981566 0
1063750 Q0 5906625 0
1063750 Q0 5331835 0
1063750 Q0 2997653 0
1063750 Q0 1793593 0
1063750 Q0 3406147 0
1063750 Q0 3633592 0
1063750 Q0 1268881 0
146187 Q0 315525 0
146187 Q0 8434625 2
146187 Q0 744165 1
146187 Q0 8434623 2
146187 Q0 7956019 0
146187 Q0 8434619 2
146187 Q0 1028971 0
146187 Q0 8434626 2
146187 Q0 8434622 2
146187 Q0 4921740 0
1133167 Q0 2276678 2
1133167 Q0 8160230 1
1133167 Q0 190809 2
1133167 Q0 6299575 2
1133167 Q0 5674622 2
1133167 Q0 2623303 1
1133167 Q0 2613290 1
1133167 Q0 5674623 2
1133167 Q0 1883281 2
1133167 Q0 7218019 2
131843 Q0 8305152 3
131843 Q0 985994 3
131843 Q0 8305153 3
131843 Q0 3841396 3
131843 Q0 8305156 3
131843 Q0 8710813 3
131843 Q0 985995 3
131843 Q0 8305158 3
131843 Q0 985988 0
131843 Q0 985991 3
87452 Q0 8819111 2
87452 Q0 8152222 1
87452 Q0 8333919 2
87452 Q0 4634899 1
87452 Q0 5751686 0
87452 Q0 8436579 1
87452 Q0 8436578 1
87452 Q0 8333912 1
87452 Q0 8436576 1
87452 Q0 7843982 0
915593 Q0 6923052 2
915593 Q0 3538162 0
915593 Q0 1396704 0
915593 Q0 82105 0
915593 Q0 7742098 0
915593 Q0 7837086 0
915593 Q0 3523599 0
915593 Q0 82113 3
915593 Q0 3538159 0
915593 Q0 2210593 0
833860 Q0 3437288 3
833860 Q0 1524403 0
833860 Q0 1524406 0
833860 Q0 2188108 1
833860 Q0 280004 0
833860 Q0 7647523 0
833860 Q0 2829181 0
833860 Q0 8683095 0
833860 Q0 6230227 3
833860 Q0 2829180 0
1113437 Q0 8128798 0
1113437 Q0 8128790 1
1113437 Q0 3436902 0
1113437 Q0 8128796 2
1113437 Q0 6021898 0
1113437 Q0 4486954 0
1113437 Q0 1768729 0
1113437 Q0 3325914 0
1113437 Q0 4981632 0
1113437 Q0 657400 0
19335 Q0 8412684 3
19335 Q0 527689 0
19335 Q0 3539483 0
19335 Q0 8635981 0
19335 Q0 527698 0
19335 Q0 527695 0
19335 Q0 7267248 0
19335 Q0 6999143 0
19335 Q0 527694 0
19335 Q0 1726 0
1124210 Q0 7715335 0
1124210 Q0 522219 1
1124210 Q0 8026737 2
1124210 Q0 1689639 2
1124210 Q0 931165 2
1124210 Q0 2728448 2
1124210 Q0 7443586 2
1124210 Q0 6636931 2
1124210 Q0 931162 1
1124210 Q0 8026735 2
490595 Q0 7839904 0
490595 Q0 7839906 0
490595 Q0 1288940 0
490595 Q0 5359212 0
490595 Q0 4842897 1
490595 Q0 805046 1
490595 Q0 7839907 0
490595 Q0 1194055 0
490595 Q0 1288938 0
490595 Q0 5359213 0
451602 Q0 2176453 0
451602 Q0 2176450 0
451602 Q0 5179251 2
451602 Q0 4345752 0
451602 Q0 8390518 3
451602 Q0 2244882 0
451602 Q0 5475308 0
451602 Q0 7403454 0
451602 Q0 2482418 0
451602 Q0 8540468 0
182539 Q0 8757178 1
182539 Q0 57448 1
182539 Q0 57444 1
182539 Q0 8757181 3
182539 Q0 57447 1
182539 Q0 2909960 1
182539 Q0 8515182 2
182539 Q0 1307235 2
182539 Q0 8299665 1
182539 Q0 7371262 1
527433 Q0 8617271 3
527433 Q0 1379245 1
527433 Q0 2496224 0
527433 Q0 1101462 0
527433 Q0 7514088 0
527433 Q0 3294600 0
527433 Q0 8306451 0
527433 Q0 1101460 0
527433 Q0 1993691 0
527433 Q0 3786813 0
